cve_ent,poblacion,nombre,31-12-2019,01-01-2020,02-01-2020,03-01-2020,04-01-2020,05-01-2020,06-01-2020,07-01-2020,08-01-2020,09-01-2020,10-01-2020,11-01-2020,12-01-2020,13-01-2020,14-01-2020,15-01-2020,16-01-2020,17-01-2020,18-01-2020,19-01-2020,20-01-2020,21-01-2020,22-01-2020,23-01-2020,24-01-2020,25-01-2020,26-01-2020,27-01-2020,28-01-2020,29-01-2020,30-01-2020,31-01-2020,01-02-2020,02-02-2020,03-02-2020,04-02-2020,05-02-2020,06-02-2020,07-02-2020,08-02-2020,09-02-2020,10-02-2020,11-02-2020,12-02-2020,13-02-2020,14-02-2020,15-02-2020,16-02-2020,17-02-2020,18-02-2020,19-02-2020,20-02-2020,21-02-2020,22-02-2020,23-02-2020,24-02-2020,25-02-2020,26-02-2020,27-02-2020,28-02-2020,29-02-2020,01-03-2020,02-03-2020,03-03-2020,04-03-2020,05-03-2020,06-03-2020,07-03-2020,08-03-2020,09-03-2020,10-03-2020,11-03-2020,12-03-2020,13-03-2020,14-03-2020,15-03-2020,16-03-2020,17-03-2020,18-03-2020,19-03-2020,20-03-2020,21-03-2020,22-03-2020,23-03-2020,24-03-2020,25-03-2020,26-03-2020,27-03-2020,28-03-2020,29-03-2020,30-03-2020,31-03-2020,01-04-2020,02-04-2020,03-04-2020,04-04-2020,05-04-2020,06-04-2020,07-04-2020,08-04-2020,09-04-2020,10-04-2020,11-04-2020,12-04-2020,13-04-2020,14-04-2020,15-04-2020,16-04-2020,17-04-2020,18-04-2020,19-04-2020,20-04-2020,21-04-2020,22-04-2020,23-04-2020,24-04-2020,25-04-2020,26-04-2020,27-04-2020,28-04-2020,29-04-2020,30-04-2020,01-05-2020,02-05-2020,03-05-2020,04-05-2020,05-05-2020,06-05-2020,07-05-2020,08-05-2020,09-05-2020,10-05-2020,11-05-2020,12-05-2020,13-05-2020,14-05-2020,15-05-2020,16-05-2020,17-05-2020,18-05-2020,19-05-2020,20-05-2020,21-05-2020,22-05-2020,23-05-2020,24-05-2020,25-05-2020,26-05-2020,27-05-2020,28-05-2020,29-05-2020,30-05-2020,31-05-2020,01-06-2020,02-06-2020,03-06-2020,04-06-2020,05-06-2020,06-06-2020,07-06-2020,08-06-2020,09-06-2020,10-06-2020,11-06-2020,12-06-2020,13-06-2020,14-06-2020,15-06-2020,16-06-2020,17-06-2020,18-06-2020,19-06-2020,20-06-2020,21-06-2020,22-06-2020,23-06-2020,24-06-2020,25-06-2020,26-06-2020,27-06-2020,28-06-2020,29-06-2020,30-06-2020,01-07-2020,02-07-2020,03-07-2020,04-07-2020,05-07-2020,06-07-2020,07-07-2020,08-07-2020,09-07-2020,10-07-2020,11-07-2020,12-07-2020,13-07-2020,14-07-2020,15-07-2020,16-07-2020,17-07-2020,18-07-2020,19-07-2020,20-07-2020,21-07-2020,22-07-2020,23-07-2020,24-07-2020,25-07-2020,26-07-2020,27-07-2020,28-07-2020,29-07-2020,30-07-2020,31-07-2020,01-08-2020,02-08-2020,03-08-2020,04-08-2020,05-08-2020,06-08-2020,07-08-2020,08-08-2020,09-08-2020,10-08-2020,11-08-2020,12-08-2020,13-08-2020,14-08-2020,15-08-2020,16-08-2020,17-08-2020,18-08-2020,19-08-2020,20-08-2020,21-08-2020,22-08-2020,23-08-2020,24-08-2020,25-08-2020,26-08-2020,27-08-2020,28-08-2020,29-08-2020,30-08-2020,31-08-2020,01-09-2020,02-09-2020,03-09-2020,04-09-2020,05-09-2020,06-09-2020,07-09-2020,08-09-2020,09-09-2020,10-09-2020,11-09-2020,12-09-2020,13-09-2020,14-09-2020,15-09-2020,16-09-2020,17-09-2020,18-09-2020,19-09-2020,20-09-2020,21-09-2020,22-09-2020,23-09-2020,24-09-2020,25-09-2020,26-09-2020,27-09-2020,28-09-2020,29-09-2020,30-09-2020,01-10-2020,02-10-2020,03-10-2020,04-10-2020,05-10-2020,06-10-2020,07-10-2020,08-10-2020,09-10-2020,10-10-2020,11-10-2020,12-10-2020,13-10-2020,14-10-2020,15-10-2020,16-10-2020,17-10-2020,18-10-2020,19-10-2020,20-10-2020,21-10-2020,22-10-2020,23-10-2020,24-10-2020,25-10-2020,26-10-2020,27-10-2020,28-10-2020,29-10-2020,30-10-2020,31-10-2020,01-11-2020,02-11-2020,03-11-2020,04-11-2020,05-11-2020,06-11-2020,07-11-2020,08-11-2020,09-11-2020,10-11-2020,11-11-2020,12-11-2020,13-11-2020,14-11-2020,15-11-2020,16-11-2020,17-11-2020,18-11-2020,19-11-2020,20-11-2020,21-11-2020,22-11-2020,23-11-2020,24-11-2020,25-11-2020,26-11-2020,27-11-2020,28-11-2020,29-11-2020,30-11-2020,01-12-2020,02-12-2020,03-12-2020,04-12-2020,05-12-2020,06-12-2020,07-12-2020,08-12-2020,09-12-2020,10-12-2020,11-12-2020,12-12-2020,13-12-2020,14-12-2020,15-12-2020,16-12-2020,17-12-2020,18-12-2020,19-12-2020,20-12-2020,21-12-2020,22-12-2020,23-12-2020,24-12-2020,25-12-2020,26-12-2020,27-12-2020,28-12-2020,29-12-2020,30-12-2020,31-12-2020,01-01-2021,02-01-2021,03-01-2021,04-01-2021,05-01-2021,06-01-2021,07-01-2021,08-01-2021,09-01-2021,10-01-2021,11-01-2021,12-01-2021,13-01-2021,14-01-2021,15-01-2021,16-01-2021,17-01-2021,18-01-2021,19-01-2021,20-01-2021,21-01-2021,22-01-2021,23-01-2021,24-01-2021,25-01-2021,26-01-2021,27-01-2021,28-01-2021,29-01-2021,30-01-2021,31-01-2021,01-02-2021,02-02-2021,03-02-2021,04-02-2021,05-02-2021,06-02-2021,07-02-2021,08-02-2021,09-02-2021,10-02-2021,11-02-2021,12-02-2021,13-02-2021,14-02-2021,15-02-2021,16-02-2021,17-02-2021,18-02-2021,19-02-2021,20-02-2021,21-02-2021,22-02-2021,23-02-2021,24-02-2021,25-02-2021,26-02-2021,27-02-2021,28-02-2021,01-03-2021,02-03-2021,03-03-2021,04-03-2021,05-03-2021,06-03-2021,07-03-2021,08-03-2021,09-03-2021,10-03-2021,11-03-2021,12-03-2021,13-03-2021,14-03-2021,15-03-2021,16-03-2021,17-03-2021,18-03-2021,19-03-2021,20-03-2021,21-03-2021,22-03-2021,23-03-2021,24-03-2021,25-03-2021,26-03-2021,27-03-2021,28-03-2021,29-03-2021,30-03-2021,31-03-2021,01-04-2021,02-04-2021,03-04-2021,04-04-2021,05-04-2021,06-04-2021,07-04-2021,08-04-2021,09-04-2021,10-04-2021,11-04-2021,12-04-2021,13-04-2021,14-04-2021,15-04-2021,16-04-2021,17-04-2021,18-04-2021,19-04-2021
"01",1434635,"AGUASCALIENTES",0,0,2,0,0,1,2,6,3,13,5,0,5,15,12,6,13,8,0,5,14,9,8,10,6,2,2,8,3,3,6,4,0,2,4,6,16,5,4,1,3,9,4,14,4,3,3,1,10,12,11,12,5,1,1,7,8,9,5,12,1,6,10,8,8,7,4,0,2,4,4,5,13,7,3,10,8,12,25,26,19,14,22,27,37,28,38,39,18,29,38,27,40,41,37,31,12,40,34,31,3,14,22,13,44,41,64,32,21,21,34,84,54,42,107,76,6,19,92,74,109,126,20,18,135,87,78,77,154,28,44,43,126,199,60,60,33,36,34,41,55,71,59,40,45,34,38,67,107,44,25,55,85,50,49,81,42,33,70,89,44,91,113,68,42,61,29,137,66,25,23,29,24,70,58,78,64,53,41,34,23,112,158,63,29,35,5,15,119,136,151,180,65,32,62,88,114,131,77,49,15,64,106,56,108,69,21,17,193,240,243,121,64,64,54,90,252,120,129,74,59,55,105,253,145,172,81,71,62,138,153,99,151,56,41,85,160,122,123,152,66,37,96,218,84,202,102,70,48,78,76,196,293,178,48,42,126,126,92,91,83,36,34,76,106,113,78,68,64,60,67,69,230,292,278,118,63,153,157,172,250,192,110,120,94,176,143,181,79,89,64,72,163,339,181,192,187,105,29,172,347,271,288,194,107,29,19,195,249,263,370,272,36,132,273,171,241,230,202,41,81,98,209,243,203,136,37,79,190,210,234,228,121,81,91,176,202,302,291,224,133,24,195,273,226,247,166,23,203,310,360,248,288,279,181,35,269,160,109,47,16,36,21,211,165,148,104,100,82,79,199,290,286,297,224,54,69,310,343,349,270,249,48,46,311,299,276,250,268,83,53,331,364,376,345,234,47,35,303,254,194,217,163,69,62,370,295,245,183,180,17,38,287,250,235,173,166,100,190,265,217,215,213,265,36,34,326,224,214,204,225,40,44,374,184,155,212,160,117,176,57,314,219,222,229,147,99,322,231,236,217,190,173,160,307,215,223,50,99,135,32,299,219,220,226,189,235,73,314,239,231,148,80,9,1,0
"02",3634868,"BAJA CALIFORNIA",0,0,1,6,2,3,9,3,5,5,7,1,2,3,7,13,4,5,2,3,9,8,9,9,6,2,1,10,8,6,2,3,3,4,5,4,8,3,5,2,3,5,7,6,4,5,3,4,13,7,6,3,4,4,7,4,4,5,3,4,3,5,7,7,7,0,2,4,0,9,5,4,8,18,7,6,10,17,28,23,37,22,14,64,49,57,54,56,29,17,50,41,38,34,26,15,8,33,31,25,26,35,14,11,32,42,40,43,43,14,13,49,58,45,39,36,20,12,55,50,57,68,37,16,27,48,33,53,56,55,27,53,84,91,53,63,89,18,12,67,43,52,85,100,56,40,80,125,85,88,65,42,39,146,111,94,105,75,28,28,93,90,84,93,85,59,46,86,109,96,109,93,29,29,105,133,83,98,129,51,23,83,83,122,85,100,41,27,75,72,103,114,62,37,51,101,84,83,64,76,27,22,91,100,95,90,88,33,22,101,94,84,148,146,36,18,70,88,64,84,59,37,27,78,96,57,79,72,26,21,75,62,72,61,42,15,19,78,81,110,114,90,24,15,90,78,55,72,69,25,23,87,87,96,80,79,13,31,111,55,32,132,118,33,16,136,137,210,134,103,14,25,148,204,173,195,168,40,38,183,174,191,131,111,34,39,152,171,146,134,161,27,56,173,142,156,146,107,30,17,113,138,123,102,99,32,29,100,113,73,88,66,24,18,64,78,62,85,79,38,31,28,108,95,116,162,62,41,134,174,191,162,177,44,36,165,198,172,210,191,47,29,159,268,188,172,103,62,38,149,158,198,133,115,44,33,133,170,145,73,17,38,43,141,196,121,102,29,62,55,248,394,385,409,378,109,49,520,455,438,399,384,92,47,414,404,410,520,322,62,33,380,415,434,352,321,79,49,89,387,350,330,284,71,56,391,391,307,297,230,75,45,358,260,282,291,307,74,49,428,475,387,350,361,71,65,560,466,374,341,328,76,72,543,376,360,302,273,101,45,61,428,388,362,313,78,58,517,452,386,338,298,69,62,542,435,362,149,110,68,50,499,415,387,378,295,65,65,446,334,289,303,263,22,9,0
"03",804708,"BAJA CALIFORNIA SUR",0,2,2,4,1,2,4,2,3,6,0,0,1,3,1,6,8,2,2,1,4,7,4,1,6,2,3,8,10,7,8,2,4,6,3,6,4,6,5,8,0,3,11,7,13,6,3,4,5,8,8,6,2,1,4,6,6,5,4,6,2,6,10,6,15,11,4,4,4,6,7,7,4,10,3,6,4,9,15,9,14,12,5,21,15,25,17,20,7,10,28,31,29,28,26,21,13,58,34,45,41,18,19,12,43,32,37,23,17,12,9,20,28,12,9,11,7,19,13,19,22,21,12,2,5,23,15,25,24,30,15,5,23,29,9,11,22,9,4,6,17,18,31,35,26,13,36,34,29,30,34,31,53,42,43,34,51,82,52,19,42,45,29,65,92,32,32,49,78,84,70,60,21,22,103,103,79,89,44,58,34,87,79,104,120,90,64,61,92,80,91,117,104,43,21,105,117,134,102,149,44,15,116,154,143,135,130,42,29,109,143,111,154,127,34,33,161,176,110,182,129,62,29,127,103,116,160,155,59,16,112,138,119,25,70,96,15,88,119,146,118,101,37,49,124,97,182,256,217,54,32,159,177,187,140,188,63,52,377,231,128,423,268,73,27,179,214,217,194,199,48,35,233,158,278,196,224,72,37,144,164,227,235,139,41,25,181,180,207,199,198,78,32,181,204,259,266,275,70,26,204,359,310,294,292,57,42,218,368,363,336,326,80,28,250,287,304,251,195,53,29,38,247,192,232,243,124,20,257,418,197,232,206,68,32,218,209,206,234,258,50,34,308,241,242,245,358,81,38,443,448,424,321,215,67,28,405,382,256,184,15,65,42,249,345,219,158,12,70,40,217,338,298,364,363,118,37,327,489,377,399,291,111,66,311,540,381,338,382,100,52,236,400,333,354,251,55,27,41,282,262,288,241,86,29,273,256,224,216,186,53,37,228,200,186,171,169,66,37,174,310,189,182,163,64,38,249,219,202,181,198,65,20,217,336,252,173,232,68,36,70,246,207,192,211,87,58,232,255,233,342,238,113,68,233,291,162,98,75,86,82,287,257,274,269,246,104,47,249,277,369,249,264,67,31,2
"04",1000617,"CAMPECHE",0,0,0,0,0,1,0,0,1,2,0,0,0,1,1,1,1,0,0,1,0,0,1,0,0,0,0,1,1,0,2,0,0,0,0,0,0,1,0,0,0,0,1,2,1,0,0,0,0,1,1,1,0,0,0,0,4,1,1,0,0,0,0,2,1,0,0,0,2,0,1,0,1,0,0,1,1,0,5,0,1,1,2,2,4,2,4,5,2,5,6,7,3,7,5,2,1,5,7,6,2,2,2,22,18,10,7,10,5,7,5,21,14,5,8,29,8,7,11,10,7,11,9,8,9,18,7,14,12,9,25,7,17,13,14,21,30,32,6,16,17,16,18,29,20,17,25,40,47,27,79,16,10,46,72,31,25,43,24,50,29,119,38,71,40,5,10,48,61,45,38,47,22,15,42,42,33,68,54,16,13,57,100,59,61,62,11,10,64,43,31,69,43,22,12,50,60,81,49,53,27,25,78,60,55,54,41,32,12,46,77,29,63,29,34,7,73,60,52,98,22,24,14,43,45,38,61,41,44,19,91,120,138,55,125,45,17,63,110,64,63,95,50,6,88,60,91,60,121,20,5,66,62,82,56,134,5,10,75,38,15,55,152,10,7,51,63,57,110,103,13,9,91,99,79,75,61,14,5,34,47,86,47,35,7,10,56,44,47,57,166,10,18,29,57,99,53,44,5,9,97,46,85,82,86,13,8,19,38,116,124,51,4,11,54,28,39,26,71,50,9,12,47,130,26,46,6,9,42,59,116,122,129,9,9,102,34,91,94,72,43,20,107,76,88,38,127,14,10,57,124,69,143,60,16,7,118,58,130,61,6,22,8,70,139,109,22,6,11,10,63,50,85,85,89,20,10,111,81,248,172,179,20,16,119,127,189,107,189,15,11,77,93,129,61,161,22,2,9,105,113,63,188,12,4,125,121,76,213,138,8,4,47,101,96,42,84,25,17,59,124,352,156,79,9,14,55,48,107,57,73,23,26,55,111,146,65,103,8,15,27,95,230,117,93,31,18,48,50,129,132,26,14,19,133,100,100,14,14,20,21,51,79,197,83,37,13,15,94,84,30,22,22,4,4,0
"07",5730367,"CHIAPAS",0,0,0,0,0,0,3,0,1,0,1,0,1,1,1,3,2,2,0,2,4,1,3,3,0,0,1,1,2,0,2,0,1,1,1,1,1,2,1,1,1,3,2,2,1,0,0,1,1,2,0,2,1,0,0,1,2,1,4,4,0,1,1,2,2,1,2,0,1,3,3,3,4,5,4,1,7,4,4,5,6,7,3,6,15,13,12,17,8,10,13,20,19,18,14,11,5,10,9,17,4,7,6,5,14,20,14,9,15,11,7,18,35,13,22,22,20,14,15,22,12,14,20,8,11,51,40,24,22,32,21,8,35,22,21,34,43,33,12,40,34,28,43,36,18,17,34,44,30,47,29,23,25,54,35,37,31,38,24,17,26,36,36,34,36,16,9,21,12,29,22,18,11,12,33,32,27,26,19,11,4,21,19,26,25,21,17,10,27,20,21,10,26,14,10,35,25,26,26,25,8,14,34,24,19,19,61,12,6,23,45,41,57,46,9,17,13,54,63,60,50,8,9,57,58,43,57,46,18,31,45,50,44,34,62,30,23,50,52,45,56,43,23,17,50,43,38,36,30,22,5,45,49,50,53,47,20,19,36,35,20,55,60,33,13,48,40,37,74,50,14,20,49,37,27,45,35,11,11,33,44,49,43,34,7,7,24,45,43,30,36,15,13,45,38,35,52,33,18,12,47,39,30,34,34,13,10,16,33,46,47,39,6,10,46,44,39,61,46,16,10,18,62,48,76,45,15,16,74,88,75,90,88,9,16,41,76,55,43,36,18,18,65,70,58,52,44,20,20,83,70,94,60,44,25,19,58,59,57,40,2,26,14,56,83,69,44,5,37,18,68,72,83,86,92,17,33,133,132,92,87,111,91,19,106,104,74,92,99,28,56,97,122,131,151,127,31,18,18,122,94,97,94,63,57,126,108,104,129,85,45,26,84,110,104,99,62,43,26,79,68,86,73,77,44,27,82,83,54,91,84,15,13,73,163,183,273,110,33,38,80,231,270,319,280,70,30,355,340,186,352,330,54,15,294,286,314,124,74,43,46,211,241,339,254,150,51,23,83,111,106,122,29,7,4,0
"08",3801487,"CHIHUAHUA",0,1,4,1,1,5,8,13,2,5,4,1,11,9,12,5,11,3,3,3,7,6,14,7,6,4,4,9,13,9,7,2,3,9,3,15,2,9,4,1,1,13,5,7,1,0,0,6,7,6,2,5,0,2,2,5,4,3,3,5,1,0,1,2,1,1,0,2,0,3,3,2,5,1,2,2,0,8,2,8,9,3,7,7,9,19,16,16,7,7,16,14,9,15,11,12,8,20,15,19,19,13,18,15,33,20,29,28,18,15,16,42,35,32,42,42,27,17,60,49,44,48,37,39,20,69,85,85,75,55,42,30,74,74,74,81,86,47,40,89,76,67,73,58,38,30,81,61,107,71,73,25,27,87,72,64,54,59,25,19,62,60,70,56,50,17,24,64,69,63,52,47,39,20,55,63,62,60,92,15,34,78,81,71,45,55,29,25,95,72,80,55,77,42,31,90,89,104,103,114,35,38,99,114,99,95,90,23,24,103,88,95,75,74,38,24,87,104,117,88,109,55,23,129,118,117,115,90,55,36,124,129,125,125,119,35,36,119,150,107,100,110,56,34,128,173,144,91,127,47,19,149,113,124,129,124,39,21,141,82,50,93,123,52,39,155,149,143,158,127,63,51,164,159,178,166,180,68,49,171,199,220,222,183,133,75,190,258,274,252,280,123,85,264,284,289,274,196,119,101,243,211,180,146,139,82,41,135,162,171,142,154,70,44,206,185,150,201,180,97,46,64,177,189,158,177,73,44,184,174,169,165,126,56,29,123,131,135,115,97,50,39,107,88,115,121,82,43,26,111,91,99,77,72,69,22,114,95,90,46,16,52,28,116,126,80,37,27,38,57,112,118,129,131,131,57,43,163,128,147,138,115,50,47,189,176,213,156,131,53,37,128,152,177,150,148,50,37,44,215,172,205,115,47,54,220,166,185,166,142,32,29,73,123,137,113,111,51,23,193,165,192,209,170,72,26,200,206,213,201,166,51,39,247,217,205,177,140,53,29,41,273,248,228,180,69,41,253,219,239,227,237,52,36,307,318,239,67,53,55,42,319,306,303,296,249,62,57,313,272,271,213,111,12,3,0
"09",9018645,"DISTRITO FEDERAL",0,6,18,21,7,12,31,32,31,34,32,8,16,32,41,37,29,23,6,10,27,26,24,29,24,6,21,25,22,19,25,12,9,10,13,29,26,22,22,9,9,35,24,23,23,23,10,15,23,20,10,18,16,6,3,23,25,18,26,27,8,13,37,28,29,30,31,11,17,34,45,59,66,69,41,36,51,112,108,113,86,39,24,98,166,165,139,200,60,69,142,141,141,206,251,102,63,232,329,394,289,300,124,99,394,456,397,391,502,123,125,453,471,446,361,459,183,162,543,629,688,855,286,264,298,847,635,881,719,886,324,209,723,799,829,863,854,335,209,925,930,988,913,1034,408,275,1035,940,1063,830,910,481,256,1023,986,1129,1114,1150,429,225,1138,1088,1141,1222,1292,528,368,1405,1302,1340,1213,1216,502,305,1059,1268,1217,1298,1291,454,359,1548,1353,1472,1320,1606,514,425,1553,1515,1572,1530,1597,575,332,1632,1669,2504,2374,2571,1127,406,2101,1931,2042,1912,2160,912,406,1664,1991,2124,2079,1926,1052,370,1575,2054,1998,1830,2050,987,297,1735,2165,2088,2221,2319,984,333,1729,2173,2184,1799,2305,967,367,1814,1815,3054,3129,3247,1737,345,2045,2946,3071,3161,3133,1520,392,2103,2777,2996,3370,2941,1420,324,2237,1764,292,2338,2586,1158,347,1844,2501,2313,2367,2520,1267,282,1989,2387,2312,2322,2474,1128,314,1751,2633,2731,2472,2545,1034,416,2259,2960,2868,2471,3267,1385,455,3819,4145,4357,4546,4587,1507,511,4453,5038,4929,4720,3719,1230,320,888,3796,3976,3720,3691,1259,322,3959,4085,4014,3569,4044,1419,388,456,4443,3628,3395,3996,2412,433,4970,5923,6109,6088,6220,3029,707,7844,9062,9903,10740,10887,5888,885,10237,9808,10740,11845,11081,5046,661,10326,9803,10184,10562,12424,6722,828,12599,12531,12729,9808,742,3210,1068,14022,13891,13727,11185,847,3637,1328,13682,13335,12884,13293,12106,6894,1454,13412,13132,13834,13801,13687,7966,1630,14536,14673,14165,14236,14938,8121,1861,14484,14496,15110,14295,13891,7251,1378,2870,13201,12219,12014,12313,5853,1114,11502,10873,10574,9986,11322,4766,893,10013,9337,8563,8705,9955,4598,1098,10041,9088,8932,8906,9338,4561,1099,9173,8730,8471,7645,8158,4182,963,7202,7354,6941,6823,7438,3934,949,1077,7826,7081,6351,7161,3461,1031,7093,6621,6604,6679,6560,3492,1117,6516,6499,6077,2451,1728,1074,785,6077,5843,5486,5810,6166,3595,1133,6699,5960,5597,4989,3838,1678,481,12
"05",3218720,"COAHUILA",0,2,2,4,2,4,7,10,8,8,2,1,7,16,13,18,16,16,4,4,19,17,17,11,9,4,11,23,18,15,22,15,6,8,7,16,12,12,14,3,7,23,26,15,14,12,5,4,15,25,12,8,7,0,7,14,14,11,14,9,7,9,7,14,7,8,4,3,5,7,14,6,8,8,2,7,14,19,20,12,15,14,15,16,29,50,37,62,23,37,67,51,48,90,112,58,77,132,121,112,72,108,51,28,101,113,81,135,104,35,15,103,75,82,76,112,39,38,91,81,122,146,93,42,52,118,133,69,107,165,76,21,157,175,151,162,187,100,51,262,165,215,182,203,114,68,188,185,181,175,252,173,96,317,340,393,340,422,228,74,287,385,336,253,421,119,76,273,298,255,226,251,158,43,224,352,238,363,288,45,35,234,235,294,282,317,131,88,262,297,153,159,243,85,50,185,219,141,158,322,112,51,198,289,241,252,272,60,46,231,281,219,252,254,79,29,212,293,306,257,258,117,58,258,306,290,301,346,172,78,290,362,250,319,385,215,87,328,406,248,416,413,168,85,345,391,334,390,368,132,72,366,405,301,332,368,121,62,293,304,75,273,325,132,48,315,369,333,320,339,197,88,304,304,296,328,279,119,61,264,327,279,284,289,134,75,243,346,290,290,237,77,88,294,347,289,293,270,139,80,313,345,356,340,311,147,101,245,301,316,361,281,118,80,346,331,292,338,286,132,73,89,286,307,308,329,160,89,279,294,277,310,239,120,79,200,257,205,199,180,84,60,189,212,174,202,194,81,61,196,227,163,184,207,83,60,216,226,192,141,32,102,84,203,242,200,149,34,81,58,193,246,219,283,331,142,93,371,349,311,302,331,162,112,393,402,455,442,391,168,128,387,568,479,436,432,138,97,132,441,456,408,339,108,85,410,420,293,349,268,93,64,198,249,265,234,238,108,73,319,340,294,306,253,102,106,352,387,318,308,308,94,89,319,312,316,288,268,102,57,147,391,326,297,285,99,99,396,358,301,245,323,120,67,321,284,259,85,78,60,66,354,323,331,314,277,88,61,329,324,293,261,202,42,12,0
"06",785153,"COLIMA",0,0,0,0,0,1,0,1,0,2,0,1,0,1,1,1,0,1,0,0,2,1,0,0,0,0,0,2,0,0,2,1,0,1,3,4,0,0,0,0,0,3,1,5,0,1,0,0,0,3,2,1,1,0,0,0,0,2,0,5,2,5,2,5,0,2,1,1,1,5,1,6,5,5,2,2,2,4,5,7,3,3,3,6,13,5,4,2,1,3,5,5,8,3,5,0,3,1,3,6,1,1,6,2,4,3,9,2,3,1,7,8,6,6,4,2,0,4,5,4,14,5,2,6,7,7,2,14,9,6,4,8,6,9,7,10,14,8,14,17,15,11,12,12,5,7,12,9,8,15,6,9,8,15,7,11,18,17,11,3,14,11,14,15,12,5,5,10,8,13,19,21,8,6,22,19,15,9,17,6,16,15,20,21,26,13,11,10,31,23,23,21,17,15,15,37,23,36,31,20,23,19,56,33,39,48,32,26,14,52,36,33,30,30,14,20,34,33,32,40,38,14,21,48,49,31,60,39,19,11,68,45,37,40,46,17,11,42,29,40,29,32,27,24,41,32,25,28,29,14,14,31,20,26,23,24,11,9,42,28,7,28,24,9,10,20,33,35,33,37,10,11,35,49,40,38,36,16,11,46,38,46,44,43,14,19,41,55,58,52,39,20,12,50,63,56,75,58,19,16,50,58,66,59,68,12,15,57,58,62,61,56,29,16,57,52,49,49,47,19,19,18,57,56,41,51,22,24,60,53,41,53,51,23,26,62,58,68,64,47,44,12,63,62,49,45,49,19,20,63,46,58,44,40,24,20,62,30,44,31,5,10,20,56,64,61,31,22,25,27,70,57,73,71,61,46,48,93,94,70,51,66,38,32,79,82,72,81,74,19,24,71,59,51,45,40,37,13,27,51,50,62,40,27,21,71,63,76,59,46,21,17,76,46,41,43,41,18,20,57,60,46,47,44,36,27,69,55,59,57,60,20,14,75,54,64,36,48,27,25,21,57,51,62,62,30,20,69,53,57,46,52,40,21,62,79,44,34,30,24,29,85,71,63,71,66,23,34,89,62,71,78,42,22,8,0
"10",1868996,"DURANGO",0,0,0,1,3,1,1,6,4,4,4,0,4,1,3,5,4,4,3,6,6,3,12,2,3,6,5,8,8,3,4,4,0,1,6,5,9,5,5,4,6,13,2,12,4,5,0,3,3,7,4,7,6,2,2,4,6,1,1,4,2,4,6,6,5,6,5,0,3,9,3,3,5,4,2,1,0,8,5,7,1,2,0,8,15,10,18,26,3,3,6,11,15,32,12,26,10,21,19,13,5,7,2,3,13,17,16,16,14,5,6,19,32,10,42,25,10,9,13,24,31,41,11,72,25,30,35,32,36,47,12,5,50,38,43,24,60,15,9,27,37,38,64,43,10,11,56,49,55,113,97,59,14,70,114,99,86,133,24,25,131,141,119,176,197,67,24,184,161,94,142,177,32,23,90,109,122,117,162,93,24,84,114,101,152,109,40,29,121,116,117,111,141,43,32,164,155,141,175,149,39,16,138,155,143,156,133,30,38,182,159,173,136,147,56,27,167,133,148,129,117,40,26,161,159,144,153,134,25,33,143,164,169,154,168,30,24,148,192,192,153,136,27,19,158,116,198,167,176,38,34,184,166,202,159,154,35,15,156,121,11,147,145,21,22,162,140,177,147,151,33,30,163,175,175,141,164,56,18,173,183,174,173,189,49,20,202,226,220,239,210,46,32,201,165,218,223,184,47,39,240,258,204,196,217,29,39,162,232,212,201,202,15,47,229,196,170,182,188,32,12,48,238,224,171,217,39,46,192,240,189,163,225,19,40,185,199,150,199,122,27,21,153,142,132,132,124,17,13,169,164,136,123,120,24,13,152,141,155,62,8,17,13,130,161,160,111,2,28,17,143,227,207,161,181,32,20,209,255,223,199,185,38,13,218,248,177,204,212,32,26,257,242,245,229,152,21,30,7,213,230,232,162,27,26,230,242,213,201,157,61,15,230,193,174,150,132,22,41,153,188,170,142,165,42,26,181,171,151,158,158,36,40,186,148,161,146,132,26,21,33,173,165,192,157,28,40,161,162,157,164,153,29,35,145,149,122,35,24,35,34,195,181,130,139,128,48,25,171,185,155,142,82,6,12,0
"11",6228175,"GUANAJUATO",0,0,1,1,1,3,6,1,4,5,3,0,4,5,3,0,5,1,1,6,6,16,13,6,5,4,6,8,8,5,7,2,2,6,7,10,7,9,6,1,6,9,15,12,3,7,6,7,21,19,5,3,7,2,4,9,13,12,7,11,3,9,16,7,9,9,7,1,1,13,5,8,15,11,3,4,11,17,22,36,30,40,17,55,61,89,95,74,66,19,85,90,77,98,84,29,17,70,72,82,62,56,53,16,59,76,116,101,153,61,34,169,200,220,232,201,103,37,193,311,328,357,155,73,52,235,228,266,283,277,89,47,315,272,263,317,313,109,49,352,273,248,249,249,102,72,351,291,207,226,219,87,71,236,222,219,338,317,158,88,305,288,257,252,258,94,74,303,276,292,289,288,117,61,288,335,255,288,467,214,120,549,493,486,432,442,170,100,599,584,510,414,424,197,109,475,414,461,533,447,196,115,578,635,655,496,464,156,115,523,480,498,491,515,176,103,552,483,476,424,537,146,142,496,451,377,365,372,160,116,547,594,374,421,425,170,120,546,599,614,652,542,195,122,533,549,502,525,495,201,141,711,557,547,516,513,173,123,656,567,318,699,830,251,198,716,776,612,607,585,190,132,591,746,578,565,620,111,113,431,394,429,448,464,149,99,560,618,562,594,476,153,131,543,571,523,560,538,219,147,612,650,706,622,521,174,164,289,748,588,582,498,142,109,534,567,548,526,533,149,88,196,611,640,532,544,210,123,611,609,497,501,463,163,101,429,487,501,493,448,147,74,415,486,410,456,515,200,131,598,528,496,456,450,136,108,594,406,381,243,43,156,114,416,412,385,277,55,160,112,530,599,642,655,684,228,179,793,650,701,791,780,259,152,773,603,609,572,513,216,128,633,496,599,591,540,205,103,156,602,562,620,669,182,138,863,732,689,691,609,249,162,847,651,629,667,546,245,172,752,727,695,684,710,244,184,909,651,725,676,690,205,122,730,663,677,668,597,212,120,194,780,625,754,803,214,164,822,835,988,896,654,221,188,789,728,564,286,198,134,159,756,661,610,804,616,191,144,778,677,679,595,402,79,26,0
"12",3657048,"GUERRERO",0,2,2,2,1,2,1,3,2,2,1,1,7,4,3,3,2,0,1,5,3,2,3,3,0,1,2,3,6,4,7,1,0,0,3,2,1,1,0,1,4,2,4,2,1,1,0,2,1,2,3,3,3,1,4,1,2,8,1,2,0,1,0,4,2,2,0,0,3,4,0,1,6,5,0,1,5,9,6,6,4,0,4,18,9,14,14,18,10,11,27,19,17,17,9,8,4,12,13,14,13,14,9,10,22,17,23,22,20,10,14,29,31,18,17,15,9,17,25,37,27,34,24,42,32,44,66,57,49,53,31,22,63,60,77,41,59,42,34,66,33,36,35,29,23,17,41,30,60,60,65,59,39,68,71,65,62,50,53,25,78,42,55,62,64,50,40,52,59,68,54,87,24,32,80,64,61,53,53,100,119,152,130,215,167,158,102,106,80,72,95,62,85,27,75,131,110,125,141,105,102,71,142,95,86,110,131,87,32,146,150,181,170,177,132,55,171,224,188,154,74,32,22,87,82,91,118,75,48,34,78,82,99,65,71,56,31,90,142,103,133,137,40,29,134,134,109,113,95,25,16,96,100,127,136,125,34,48,137,117,37,123,90,30,31,105,113,139,122,85,47,31,107,112,147,112,90,24,13,128,127,162,152,89,34,20,120,111,137,111,128,28,21,147,104,115,98,91,40,8,157,146,131,150,109,26,23,58,102,109,112,97,32,32,158,99,124,131,85,32,19,36,149,142,129,111,40,21,93,107,131,90,102,36,25,105,98,102,116,91,34,37,166,136,144,133,136,56,37,139,155,124,156,121,20,26,137,132,105,106,11,25,20,122,113,125,111,18,31,17,148,146,136,166,144,61,39,170,161,158,196,176,59,44,286,251,242,242,243,41,33,308,263,247,323,253,66,48,71,400,336,439,369,92,29,306,335,246,348,357,51,34,313,279,187,193,186,43,62,274,255,239,300,308,51,56,253,214,215,191,260,51,48,298,204,266,224,204,63,28,110,259,259,217,222,49,49,215,210,191,183,203,49,57,209,182,147,112,110,43,50,227,225,182,247,257,49,55,240,235,238,193,153,28,11,2
"13",3086414,"HIDALGO",0,0,3,4,1,2,8,4,12,11,6,0,6,8,1,13,3,11,2,5,11,9,8,6,12,4,3,11,10,6,6,6,3,0,5,7,12,3,5,0,5,4,8,5,4,4,2,6,7,3,8,5,5,2,4,2,7,6,4,6,4,3,14,7,5,6,4,4,0,11,6,8,6,4,5,2,4,16,11,8,27,4,3,17,21,19,41,39,15,12,22,16,20,15,23,9,6,15,19,16,11,4,1,3,13,19,11,7,17,19,9,18,17,16,34,18,12,5,17,22,12,28,18,10,14,28,37,30,41,39,14,7,37,22,33,56,35,36,14,52,49,38,34,60,13,14,38,41,32,49,49,24,18,43,89,54,56,68,32,19,65,70,73,75,67,23,22,79,64,68,66,68,40,12,49,67,42,51,74,21,24,59,48,70,38,56,33,18,60,80,65,67,81,32,22,85,74,67,78,68,46,23,70,59,90,109,82,38,27,75,80,104,74,91,31,38,60,71,75,104,94,33,23,98,100,102,75,107,41,23,101,91,87,69,86,24,23,99,107,94,101,73,52,24,76,87,87,87,80,38,35,109,115,97,67,74,31,31,68,55,19,59,61,33,42,80,85,91,79,93,37,39,97,92,83,74,77,40,27,108,85,90,101,92,27,41,113,111,103,78,92,27,37,74,101,94,73,95,46,27,138,128,104,121,122,47,30,58,107,87,118,96,28,30,95,104,91,100,123,34,36,52,136,61,88,69,39,27,78,77,86,99,108,42,43,123,115,92,128,122,38,77,108,93,116,149,158,73,60,217,154,141,110,115,64,32,134,145,144,121,28,41,40,157,158,216,142,72,31,54,209,229,178,251,229,87,55,263,206,256,228,213,75,55,242,215,201,195,274,62,67,255,220,261,196,191,61,36,46,168,143,161,159,45,48,147,172,172,176,150,45,31,155,170,160,177,114,41,32,161,130,124,117,115,45,38,149,120,117,109,119,29,32,121,99,113,113,152,42,29,41,155,113,127,110,57,27,147,127,123,134,106,58,32,127,110,101,113,45,27,38,153,119,109,117,139,49,53,178,129,141,135,93,25,12,0
"14",8409693,"JALISCO",0,2,1,8,1,2,14,12,16,22,12,6,13,21,24,30,26,23,12,8,25,35,41,21,24,13,14,30,21,22,29,22,6,10,11,16,20,19,6,7,10,34,12,29,26,16,5,7,17,11,11,19,11,4,6,18,10,14,18,11,8,3,16,13,17,10,19,2,3,11,18,13,29,24,5,20,18,45,55,69,48,33,37,100,110,122,84,127,57,66,109,101,88,92,120,113,82,145,119,102,79,77,78,52,111,94,110,107,142,64,34,186,144,201,280,293,125,92,176,128,186,154,95,64,43,177,95,124,163,179,226,85,206,190,193,338,262,148,72,207,175,201,220,221,112,68,250,289,243,282,236,168,93,310,331,259,289,283,138,100,313,303,326,257,236,112,58,250,219,291,267,181,198,66,239,254,249,276,252,146,77,287,258,309,281,244,149,68,304,282,362,335,277,155,102,374,366,383,346,415,158,101,397,376,308,234,259,118,52,282,259,261,211,222,106,62,240,240,225,208,219,94,74,298,243,251,200,211,66,66,302,243,255,181,213,91,62,244,243,301,235,231,103,75,276,301,295,289,240,142,80,287,271,275,221,226,101,73,283,241,88,301,211,111,84,315,300,270,291,298,76,75,325,337,345,313,280,137,79,385,318,308,316,288,96,76,292,316,312,259,201,100,77,295,327,300,272,263,107,102,399,300,306,302,347,110,60,278,337,328,354,295,105,91,320,282,293,251,234,101,60,118,301,314,273,276,85,60,386,371,307,356,297,124,62,346,378,380,311,221,77,52,275,260,270,245,250,114,55,318,265,305,236,226,70,98,293,246,185,158,45,91,107,262,276,273,186,53,91,85,314,337,419,416,473,161,143,585,557,480,487,465,165,132,607,497,518,484,451,144,118,532,514,501,473,354,139,87,123,400,354,293,285,90,85,403,371,452,420,419,118,99,591,454,463,526,370,111,130,550,573,583,452,435,96,88,574,453,490,430,391,113,114,571,477,479,393,384,120,87,138,592,471,509,397,155,118,551,501,483,423,424,142,146,572,438,396,140,138,127,157,542,505,557,508,426,145,147,660,469,480,382,269,82,29,0
"15",17427790,"MEXICO",0,1,7,8,3,8,12,15,8,19,22,1,4,7,22,19,11,18,5,4,28,17,17,13,11,8,8,15,10,17,11,7,2,4,8,15,17,17,13,2,8,14,15,13,12,9,5,4,11,16,4,5,8,0,3,8,23,17,14,13,5,9,21,23,17,13,15,4,10,14,18,24,20,30,18,12,19,58,35,53,37,29,16,71,82,86,84,151,64,64,179,125,130,128,155,107,52,134,168,171,92,123,70,63,230,216,195,168,177,85,94,229,186,203,189,280,126,96,236,276,336,452,294,291,278,620,519,703,624,744,284,243,752,760,592,554,526,235,174,548,453,674,532,652,209,190,654,528,652,595,620,286,194,624,562,710,594,665,179,165,669,742,752,810,819,303,245,912,837,868,890,937,324,190,781,741,881,846,884,334,207,963,744,887,737,875,339,208,912,874,961,885,1033,369,200,931,916,936,978,963,288,176,926,887,1030,932,1019,335,210,988,939,864,1019,1157,372,232,971,993,1096,1013,1063,319,167,1142,1055,1191,1143,1060,352,184,1103,1066,1326,1037,1116,362,199,1147,1041,1192,1173,1254,483,186,1109,1030,1042,1024,1118,351,179,1103,989,1115,1142,1102,266,182,1041,748,159,999,1061,286,151,917,934,1016,867,1047,237,145,940,872,978,816,780,181,128,608,585,630,570,583,150,113,594,553,545,518,616,195,132,644,694,716,729,789,250,181,792,854,840,894,826,209,118,314,760,742,717,687,246,138,766,741,734,783,716,236,125,157,847,731,671,778,373,156,1033,1198,1162,1295,1221,594,238,1505,1732,1958,2102,2176,844,247,2301,2136,2146,2516,2304,1068,236,2445,2286,2321,2518,2591,1193,228,2684,2696,2729,1999,307,774,398,2909,2753,2796,2144,317,698,449,2701,2946,2915,3053,2927,1136,533,2912,2784,2661,3274,3049,1349,412,3162,3335,3131,3299,3284,1367,466,3237,3323,3527,3315,2939,1341,472,524,2620,2715,2536,2453,1047,313,2210,2281,2021,2155,2493,857,363,2395,2180,2025,2105,1933,823,347,2389,2307,2126,2220,2281,939,431,2360,2076,2188,1908,2024,824,407,1850,1888,1884,1793,1672,712,359,338,2038,1833,1719,1829,663,320,1728,1649,1734,1728,1668,639,391,1791,1575,1263,564,464,238,278,1894,1746,1620,1669,1624,1116,482,1947,1708,1411,1205,795,300,150,4
"16",4825401,"MICHOACAN",0,0,3,2,2,2,2,4,7,6,9,1,5,8,9,2,12,11,3,9,6,7,6,8,4,2,7,12,12,13,10,8,3,3,5,9,4,12,4,3,4,10,7,6,6,6,0,1,7,13,6,6,7,2,3,9,6,5,5,12,4,9,8,9,8,9,7,6,6,22,16,20,17,18,2,3,8,26,34,34,32,13,9,22,34,51,33,33,16,11,35,24,31,27,39,22,13,31,25,42,44,26,14,18,52,46,48,84,105,27,23,62,56,45,62,57,51,19,57,69,78,91,38,32,33,78,77,85,71,91,42,35,153,119,122,137,204,78,34,126,142,142,127,150,44,30,170,135,174,214,214,64,30,226,154,176,175,196,97,51,244,241,208,247,347,68,49,367,289,248,293,321,113,40,280,357,345,332,345,133,101,272,274,246,203,220,94,48,282,260,281,256,234,114,51,301,305,281,261,191,87,63,317,304,263,337,269,124,94,333,339,235,241,244,108,44,241,243,247,251,294,135,63,285,281,276,263,234,117,55,286,263,254,235,178,92,52,309,285,251,214,203,77,71,239,247,209,195,190,84,66,249,266,194,262,231,91,94,239,259,90,249,238,91,50,242,254,227,198,210,91,54,242,249,173,222,181,80,62,216,223,194,171,153,74,56,220,171,157,137,169,55,39,148,210,213,170,148,71,51,210,183,226,193,172,77,43,105,220,216,187,151,78,52,213,200,163,178,148,59,75,75,212,159,155,159,59,45,191,212,171,203,181,91,90,218,220,186,162,185,79,49,230,178,182,197,159,79,43,268,208,195,193,129,51,49,299,171,158,93,27,45,39,210,187,197,152,64,63,58,181,184,234,217,258,112,101,279,377,340,319,244,137,96,370,291,355,323,283,108,72,352,360,323,388,266,101,95,114,400,355,301,301,88,52,332,282,286,288,211,83,39,270,221,185,387,275,57,46,229,199,180,171,213,76,52,176,230,290,272,228,98,55,325,170,257,153,131,48,84,85,159,217,193,132,25,81,285,281,233,156,190,142,95,212,248,276,51,35,26,104,292,323,166,393,301,28,36,250,282,228,182,128,17,11,0
"17",2044058,"MORELOS",0,0,0,0,0,1,0,1,1,0,0,1,0,3,9,2,3,0,0,0,2,4,3,8,2,1,2,2,1,2,3,5,0,0,1,6,4,3,4,1,1,6,3,2,2,1,0,0,1,4,1,2,2,0,0,4,3,1,2,1,0,2,5,1,2,10,1,1,0,6,3,4,5,1,1,2,2,4,7,10,13,1,3,11,15,17,15,8,8,12,11,15,18,18,13,13,5,21,15,21,12,9,13,8,22,28,21,17,16,7,12,23,24,12,17,15,10,8,15,13,22,25,11,3,12,27,17,45,31,32,13,12,41,40,33,38,58,16,14,53,37,39,42,46,9,15,60,64,41,38,46,7,16,36,30,34,35,38,24,13,53,54,55,74,65,15,18,65,50,58,54,56,14,14,68,55,59,51,63,18,14,64,57,55,48,37,14,19,42,64,61,52,48,9,17,49,47,60,88,57,18,15,51,56,53,47,36,12,11,45,42,31,61,48,12,13,48,61,58,78,40,22,20,83,64,41,59,42,14,12,73,99,70,65,53,13,10,42,58,52,48,30,17,13,31,42,53,67,72,13,8,62,76,69,51,45,4,13,66,55,9,60,64,11,9,70,60,71,62,57,7,2,70,66,23,67,62,11,12,72,71,73,79,70,11,16,83,68,57,31,68,13,7,73,67,45,59,66,9,11,95,92,53,52,62,13,15,38,53,59,65,44,16,13,65,69,50,64,40,15,21,6,74,55,60,49,18,8,68,70,88,75,76,20,15,80,64,99,99,78,9,9,100,106,97,101,95,24,20,100,117,139,117,57,29,28,97,116,98,128,22,159,170,283,489,824,450,27,742,601,676,666,657,800,784,735,42,748,552,454,881,1045,782,15,834,1027,1352,1261,1640,1295,26,1562,1738,2103,2312,2147,1889,8,28,1662,1602,1818,1921,1396,12,1958,2119,2247,1922,1931,1510,23,1021,1335,1409,1291,1591,101,20,1758,1759,1718,1788,2078,74,20,1576,1637,1506,1633,2013,51,26,1435,1263,1232,1483,1618,45,40,104,430,632,528,671,42,22,511,520,407,514,529,48,40,501,626,650,54,56,42,47,473,490,528,501,673,36,45,602,588,376,280,101,23,11,0
"18",1288571,"NAYARIT",0,0,1,2,1,1,0,4,4,2,3,1,2,4,3,5,2,2,0,2,1,1,4,3,2,2,0,4,3,0,1,2,2,3,0,4,2,4,4,1,0,3,1,1,1,2,1,0,4,1,4,0,0,2,1,3,8,1,4,2,1,1,3,5,4,4,3,0,1,4,2,1,4,0,1,2,5,2,5,5,2,4,1,8,5,10,11,11,7,8,15,9,14,9,7,9,3,15,9,10,9,4,2,4,11,12,13,10,6,10,3,16,12,12,8,18,20,17,30,16,17,17,12,17,14,20,18,30,30,23,7,10,17,31,24,20,21,27,8,29,14,27,41,26,16,7,17,23,15,19,31,16,18,38,34,27,21,33,12,11,26,22,31,31,29,19,8,40,34,29,30,36,16,14,30,43,38,37,42,16,23,35,35,40,36,41,18,20,39,36,41,38,49,6,14,50,29,44,39,52,32,18,42,38,52,54,49,26,16,35,35,24,37,32,10,12,29,24,20,41,25,29,18,23,36,24,14,19,16,18,26,32,30,27,21,9,8,25,36,24,28,22,15,21,26,18,33,28,36,11,13,31,27,19,19,20,12,11,21,13,15,27,29,13,12,35,27,19,18,29,6,12,44,29,36,26,24,16,12,29,29,26,20,30,12,10,31,39,23,28,24,13,13,30,21,22,30,28,16,9,36,26,24,25,37,12,20,18,38,30,21,15,14,15,20,20,23,17,15,7,7,10,21,24,21,27,8,10,36,28,22,24,20,12,5,34,25,25,33,20,12,14,23,22,24,20,32,5,6,38,31,16,21,28,7,10,27,19,32,13,3,10,7,25,38,30,21,4,19,12,34,47,39,41,42,35,13,65,45,56,57,49,34,11,44,57,57,74,66,30,10,54,59,59,62,61,28,14,11,54,47,31,32,26,15,69,51,43,45,64,32,13,65,54,70,52,63,27,22,84,63,73,71,57,31,19,76,75,72,76,53,16,27,74,68,64,55,62,28,19,35,71,68,74,61,30,12,78,73,80,76,59,30,29,90,73,77,45,25,24,40,90,85,84,108,82,26,33,83,77,82,91,39,10,5,1
"19",5610153,"NUEVO LEON",0,1,4,4,0,0,7,6,6,2,3,3,2,11,7,12,11,5,5,3,19,17,5,21,8,3,8,8,6,7,6,3,2,2,2,8,9,9,9,3,4,16,9,8,9,2,2,2,10,12,7,4,5,3,3,10,13,6,7,12,3,7,19,18,9,11,5,3,3,11,7,10,26,42,15,7,26,50,39,48,43,30,37,68,99,100,56,77,40,37,76,70,96,76,87,48,30,96,111,98,231,343,276,219,183,301,264,223,157,56,58,123,64,47,65,73,106,85,171,180,204,142,129,101,106,225,229,143,148,167,179,181,218,265,294,296,216,163,109,288,308,308,347,390,174,167,389,497,448,461,419,219,67,326,356,414,461,453,227,165,358,428,439,401,430,179,162,399,442,322,275,266,148,77,214,321,216,356,331,212,105,345,328,294,254,285,135,110,415,429,276,300,233,167,97,341,327,283,283,291,187,84,311,312,296,315,332,156,59,137,193,188,171,211,85,62,221,269,206,243,278,109,83,295,341,329,289,278,129,112,289,307,290,280,287,122,94,366,422,421,446,429,160,96,388,478,524,533,470,129,133,414,491,414,407,397,162,81,378,294,143,381,362,134,113,491,524,441,429,443,191,147,430,501,475,484,511,172,148,536,599,525,532,451,224,171,620,600,533,516,508,253,160,555,586,546,544,545,272,167,487,486,415,426,340,175,121,369,466,394,378,325,108,111,472,396,436,475,481,234,195,228,615,444,375,453,233,179,466,568,542,549,559,261,130,439,392,370,439,403,138,140,380,417,429,475,534,160,166,593,537,594,585,459,220,175,598,541,497,421,83,242,184,573,609,614,518,86,252,157,554,597,674,745,978,372,195,845,931,875,783,846,328,246,1005,967,1048,844,759,362,284,893,907,912,836,823,346,160,203,783,872,834,779,281,168,718,649,626,584,524,133,107,417,398,560,514,457,221,178,668,641,628,587,547,258,160,703,603,593,522,570,208,164,667,619,548,550,543,237,175,240,773,626,623,563,242,182,689,623,599,578,527,177,184,663,721,587,299,271,238,210,578,615,603,588,547,240,192,700,587,565,507,433,155,66,1
"20",4143593,"OAXACA",0,1,1,4,0,3,5,3,2,5,3,2,3,6,4,2,4,2,3,2,2,7,5,3,5,3,6,5,4,3,2,4,3,4,3,2,5,6,2,7,3,7,2,2,4,4,2,2,5,2,3,2,0,1,0,0,4,3,5,5,2,4,4,4,2,0,4,0,2,3,3,5,4,5,4,4,7,9,11,10,5,3,6,10,11,20,17,34,6,11,10,17,22,41,22,12,5,14,12,12,6,8,14,6,19,10,9,6,14,6,6,12,7,7,11,21,16,6,21,20,18,17,8,20,15,13,18,11,18,16,19,17,32,30,44,23,28,32,21,85,82,54,59,39,23,20,73,40,43,53,97,26,14,53,89,59,70,66,48,50,57,78,65,51,74,33,17,44,80,82,83,76,25,16,45,30,42,69,42,24,20,47,73,62,53,68,20,17,58,57,55,68,54,34,34,73,38,72,38,52,20,20,53,42,54,41,38,26,18,49,64,58,38,41,18,20,63,60,49,81,80,18,14,51,69,56,38,46,33,19,65,80,73,54,52,22,27,55,36,50,59,45,21,19,74,72,55,65,58,27,9,48,60,54,37,56,21,13,64,34,25,55,50,31,18,81,66,54,71,64,24,22,74,63,49,54,55,17,14,67,53,69,79,61,19,24,86,65,58,41,50,21,33,82,65,59,53,27,25,20,62,79,76,54,57,34,41,37,70,50,72,57,33,22,109,57,90,63,50,21,21,29,58,84,53,35,30,22,72,37,51,47,44,26,21,82,67,55,32,79,35,30,80,55,83,60,41,19,20,73,81,81,105,97,47,21,102,110,89,63,19,41,28,102,93,72,65,19,59,49,105,120,86,116,141,134,33,400,194,135,157,140,60,35,90,157,128,104,115,50,32,139,234,125,115,78,28,22,37,108,130,109,71,35,28,94,90,121,59,65,29,24,74,111,120,72,108,46,36,183,138,137,108,128,56,30,119,134,118,124,93,40,27,141,114,117,107,89,42,33,49,116,89,94,160,38,46,132,146,108,96,132,38,32,125,163,81,41,27,33,31,128,142,116,105,90,37,27,131,104,73,87,57,12,11,0
"21",6604451,"PUEBLA",0,0,2,1,3,1,6,5,5,5,3,2,0,10,3,8,4,4,2,2,2,7,4,11,5,2,1,3,6,2,3,3,0,0,3,4,3,4,4,0,3,8,4,7,4,0,0,1,6,7,1,5,2,1,3,2,5,6,3,5,0,6,5,5,4,5,3,3,6,2,4,19,9,15,5,4,9,21,35,34,37,20,10,37,40,44,40,26,10,21,60,32,27,35,41,18,25,51,47,57,27,17,10,24,69,54,41,33,41,18,18,52,27,29,41,46,31,21,60,52,44,59,27,23,29,66,48,65,77,102,80,26,61,94,81,117,129,48,37,170,125,177,185,150,119,56,206,205,196,260,267,111,27,222,230,208,198,224,98,51,353,321,363,337,264,149,48,266,242,245,196,229,98,46,346,361,363,388,383,166,99,394,412,374,382,397,144,91,353,312,367,310,315,167,69,346,317,255,252,329,192,54,331,297,375,325,287,151,62,302,325,329,295,346,182,62,346,375,308,305,333,138,57,371,303,305,290,319,128,35,297,336,260,295,317,124,53,357,330,349,337,277,106,74,328,327,307,335,293,158,54,304,301,268,272,263,105,50,313,250,86,282,292,97,45,318,335,314,266,252,90,63,320,257,240,219,226,124,61,285,293,266,266,223,115,50,241,254,251,227,217,117,61,321,359,239,279,285,122,73,304,328,275,260,250,142,52,117,343,272,311,263,124,50,300,305,318,299,253,159,85,82,337,298,302,268,155,55,323,355,337,313,345,170,89,357,388,333,324,435,148,107,438,431,383,392,421,222,95,723,505,589,470,364,281,103,370,451,428,307,65,190,77,447,448,463,372,76,243,151,462,493,519,539,616,243,159,572,531,518,492,385,217,153,415,466,449,417,422,208,125,506,494,486,469,437,237,104,152,381,380,361,353,183,104,408,322,315,321,307,147,89,416,307,333,307,276,135,94,407,290,276,326,252,134,106,331,319,332,269,302,156,87,341,278,266,238,304,168,93,170,297,298,329,281,157,100,344,340,283,287,227,131,98,270,239,265,140,103,97,107,247,266,257,240,238,123,85,292,260,256,216,170,51,36,0
"22",2279637,"QUERETARO",0,0,4,1,1,3,5,5,5,5,0,2,5,10,10,25,10,10,1,8,19,10,11,16,10,2,5,9,15,10,10,2,2,6,8,9,12,4,5,1,11,10,3,16,9,5,2,6,8,12,2,5,1,1,5,5,9,7,11,8,2,2,5,14,8,10,4,1,3,4,10,9,19,18,5,5,11,6,17,15,14,20,5,20,32,19,32,21,14,9,21,36,27,18,19,3,6,21,17,14,4,19,14,11,24,17,17,16,10,9,9,18,16,9,9,15,8,7,23,18,12,14,12,9,6,15,14,9,13,20,10,16,18,28,44,47,39,36,25,65,59,41,55,43,24,18,33,49,49,58,27,13,10,31,28,32,21,32,19,14,23,36,33,27,36,15,16,32,23,22,46,39,17,16,34,36,40,32,31,24,14,40,35,55,29,28,19,20,44,31,42,31,33,23,8,37,41,40,55,45,22,9,53,34,43,48,41,31,18,37,33,49,45,29,23,13,55,29,39,44,29,15,22,45,39,65,60,57,16,12,65,46,54,58,50,31,20,56,69,104,88,75,42,29,86,81,87,61,72,33,26,79,76,56,59,68,40,32,65,39,31,61,71,44,22,96,98,125,114,118,44,47,178,178,164,171,154,53,31,132,171,140,159,135,67,49,167,188,184,187,176,101,58,127,191,251,210,221,149,111,281,320,299,328,288,193,146,216,295,265,258,225,122,107,318,312,288,296,217,176,171,129,246,336,261,370,191,130,322,313,318,468,355,297,242,412,461,337,291,293,217,163,332,333,389,405,390,201,185,463,381,482,505,293,179,153,468,291,484,279,118,127,105,283,297,269,208,153,130,128,460,425,454,534,513,241,200,566,522,536,569,475,204,223,506,607,591,608,652,219,177,655,648,601,550,423,254,165,167,459,408,433,420,220,125,441,433,375,358,323,117,110,381,343,332,333,281,170,107,369,391,328,317,332,180,105,382,379,361,320,291,168,75,372,278,328,302,359,138,90,151,330,331,338,265,134,89,330,322,289,330,268,115,116,297,259,269,161,90,77,85,266,331,292,270,229,145,58,294,302,223,277,198,46,17,0
"23",1723259,"QUINTANA ROO",0,3,1,4,1,4,8,8,6,3,2,0,5,6,5,2,2,2,1,2,6,2,8,3,3,1,2,3,2,8,2,0,1,1,2,12,8,5,2,0,2,11,2,6,1,2,2,2,4,2,5,9,3,0,5,7,4,2,2,5,1,2,8,5,2,4,6,0,2,4,4,10,6,7,5,8,11,16,16,19,6,9,9,15,23,23,24,21,6,8,32,24,17,21,17,8,13,16,20,16,14,13,10,7,23,12,17,16,9,17,9,14,16,11,8,18,15,6,17,14,19,17,8,4,9,16,23,21,36,17,17,16,25,25,26,39,30,13,12,41,26,25,30,33,19,19,30,23,30,30,46,31,15,42,27,39,44,37,27,20,47,46,50,39,71,19,32,25,53,65,66,46,17,23,67,87,87,97,87,15,21,89,91,88,88,72,17,17,26,49,53,57,67,27,29,71,90,120,109,120,33,26,83,81,73,71,69,38,28,89,69,86,76,69,25,23,95,73,80,76,57,28,25,74,81,66,59,51,28,18,58,78,45,55,48,24,16,59,70,69,58,54,27,25,62,67,73,69,62,25,21,63,70,66,61,54,11,12,62,37,22,67,67,31,20,85,101,60,50,72,31,23,106,75,64,93,58,15,13,105,80,37,58,66,32,12,80,109,81,76,73,33,22,97,104,83,80,70,39,25,101,69,93,68,81,33,29,71,73,67,69,64,32,21,59,69,58,46,57,24,19,23,74,57,34,48,18,19,63,101,65,66,74,27,22,91,82,82,55,94,30,23,89,115,98,81,98,32,35,105,148,105,103,133,37,32,110,101,67,35,14,37,38,102,112,85,62,12,64,43,131,199,199,155,155,85,38,166,218,162,122,130,38,39,178,185,185,131,175,106,52,190,187,177,168,124,78,27,35,116,122,92,118,36,25,82,113,77,65,100,41,21,103,141,112,122,94,35,52,112,118,103,83,91,43,32,106,87,93,95,91,52,42,121,106,104,102,88,61,55,60,114,141,117,115,64,64,148,101,112,110,102,69,74,111,120,115,50,65,58,68,130,96,141,145,138,72,74,163,139,149,113,84,43,8,0
"24",2866142,"SAN LUIS POTOSI",0,0,1,1,0,3,5,16,6,5,2,3,7,12,8,10,15,9,3,12,16,23,23,25,10,2,19,17,20,9,11,9,1,8,20,10,22,15,13,1,14,23,25,16,20,10,2,5,25,12,16,7,4,2,13,21,10,16,9,10,3,11,12,20,21,7,4,2,2,7,8,14,5,4,7,16,8,23,23,16,14,16,18,33,43,46,40,59,29,30,40,45,63,53,33,32,19,33,43,58,33,24,31,24,55,54,31,30,38,28,31,41,48,38,65,62,22,29,54,57,54,63,44,29,35,56,41,84,65,104,35,28,89,100,98,78,110,51,33,91,95,83,64,69,59,50,127,121,143,72,102,46,71,147,102,110,105,89,49,48,122,157,146,147,148,77,62,275,196,160,218,184,125,65,175,207,171,151,228,144,59,165,181,215,250,236,128,91,305,296,270,253,253,133,80,297,284,251,258,245,151,82,278,280,277,244,231,132,58,280,264,296,236,252,161,91,278,268,286,278,268,128,104,233,243,274,279,293,138,94,295,277,225,295,411,129,105,298,312,312,316,420,125,93,351,274,254,284,308,112,72,360,353,369,341,292,124,83,332,255,97,435,474,124,82,421,318,361,334,314,143,69,361,272,340,298,305,136,89,260,331,331,265,237,181,78,271,302,301,258,305,131,90,297,389,310,274,291,125,89,385,350,338,321,242,184,69,183,309,254,314,298,156,59,292,284,262,313,294,147,63,116,310,302,217,254,112,62,283,313,270,249,302,111,80,281,279,214,206,254,191,49,250,246,236,215,255,131,72,271,314,276,287,332,147,118,351,380,381,215,68,139,130,346,379,356,246,99,199,98,431,388,546,410,470,223,163,415,428,445,512,483,255,129,605,606,502,513,541,395,134,594,622,620,529,529,246,82,185,505,546,625,492,338,141,604,589,490,516,480,336,145,393,373,351,385,480,259,78,459,423,331,440,394,225,73,412,368,388,377,385,214,71,480,391,382,408,445,224,72,182,455,404,444,403,244,76,491,449,392,454,411,237,98,495,412,388,243,224,153,94,496,446,452,478,430,244,112,553,480,403,294,236,69,22,1
"25",3156674,"SINALOA",0,0,1,2,0,3,1,2,7,1,3,1,2,2,5,5,4,0,0,0,5,4,4,8,5,4,4,9,3,4,5,7,2,2,1,12,12,11,4,3,4,5,8,9,5,12,6,1,6,4,12,2,1,5,6,6,10,5,1,5,6,5,8,5,6,2,7,1,3,7,7,1,5,6,6,10,3,13,21,19,19,8,11,31,39,32,33,37,11,17,38,24,43,36,38,50,15,41,28,42,20,28,24,8,61,41,46,34,39,17,20,34,23,28,32,53,17,25,49,58,29,94,66,48,21,103,92,91,96,87,37,29,74,104,59,81,85,39,33,103,75,85,75,82,35,54,96,73,70,85,78,34,39,109,88,95,90,137,57,36,118,131,114,150,125,35,46,83,112,138,95,119,71,47,110,146,132,108,121,61,39,127,136,123,121,125,37,42,141,151,98,105,115,43,33,144,125,102,82,89,83,44,141,142,124,150,139,53,38,157,146,122,95,89,44,32,112,111,132,118,111,36,37,127,88,110,95,136,38,39,102,105,124,107,135,46,35,143,141,106,107,117,30,28,109,112,126,108,146,29,31,141,136,127,98,111,44,20,109,66,40,116,119,41,35,143,148,128,115,123,49,34,138,165,119,117,123,32,53,144,152,141,136,129,45,27,177,187,126,146,145,50,31,152,182,155,147,129,45,43,157,170,146,130,144,51,35,122,154,140,125,91,55,34,133,137,101,132,128,40,23,24,127,146,154,155,63,33,173,184,160,142,169,44,36,174,181,160,148,151,53,34,182,156,138,161,163,67,25,162,177,128,114,110,56,44,149,127,126,79,8,41,51,146,153,151,119,12,71,47,160,173,192,210,210,93,54,245,237,218,262,230,115,73,256,239,189,220,225,96,54,203,248,202,228,177,58,42,27,197,151,176,170,46,41,200,159,150,137,157,65,58,208,199,232,202,210,60,53,223,204,180,180,189,52,38,213,197,174,186,188,75,60,257,207,203,174,188,58,47,81,235,209,235,194,88,70,222,218,203,199,169,72,40,224,196,208,103,91,47,43,217,233,221,213,216,68,55,233,220,187,132,78,25,15,0
"26",3074745,"SONORA",0,0,2,3,1,2,3,4,4,4,3,1,2,7,9,12,6,5,2,7,15,8,8,9,12,7,5,14,9,12,13,7,2,4,6,19,5,7,9,3,4,15,16,11,6,8,6,4,15,13,11,13,6,6,14,12,21,12,13,9,4,6,11,11,7,6,4,6,8,11,10,5,11,16,2,6,11,22,32,11,11,8,3,19,32,48,27,27,16,13,40,32,34,27,21,15,12,27,28,36,16,22,12,6,36,26,36,37,42,30,25,54,32,38,42,37,19,23,43,40,46,68,36,48,28,46,60,49,68,107,55,22,115,128,108,83,111,34,30,85,115,108,113,83,75,87,120,167,136,186,127,94,43,106,129,121,112,145,76,90,153,147,126,153,96,75,51,146,120,144,116,141,64,65,109,127,142,151,114,92,75,133,192,138,153,217,117,78,213,190,278,201,190,115,77,208,157,103,103,97,55,52,135,138,121,126,113,94,101,211,173,208,206,181,116,109,169,175,200,176,252,115,110,178,189,206,236,230,78,69,167,149,197,256,267,198,53,213,293,276,225,215,159,81,224,260,221,196,212,99,89,200,249,216,188,189,91,72,200,151,60,227,168,80,76,210,205,208,189,176,82,58,205,189,193,218,178,66,78,209,231,135,146,149,64,63,139,183,144,139,128,40,64,137,137,189,124,168,37,27,160,106,149,163,145,43,29,114,227,224,248,159,61,37,180,152,162,163,199,53,33,74,232,227,197,206,62,51,286,276,315,217,207,70,45,217,207,211,223,203,77,63,266,271,282,304,280,155,53,260,230,237,251,237,95,58,214,188,203,115,24,89,65,258,264,257,152,17,95,52,230,283,220,244,261,135,65,311,261,280,282,200,122,55,342,291,229,206,210,103,56,247,227,241,228,214,99,46,69,270,270,337,272,85,65,270,317,279,231,231,66,56,247,223,272,283,273,78,73,309,291,284,271,231,103,70,276,299,338,306,299,115,65,345,353,369,291,281,127,134,131,360,287,261,338,166,123,342,353,278,298,273,118,70,299,291,289,101,89,53,81,251,285,437,335,252,102,81,294,252,229,224,136,40,21,0
"27",2572287,"TABASCO",0,0,0,1,1,1,3,1,2,0,0,0,0,2,1,0,1,0,0,2,4,0,0,2,3,1,1,4,3,0,4,4,0,1,0,3,1,4,1,0,4,5,1,4,1,2,0,1,4,4,3,4,0,0,1,9,5,1,0,0,0,2,5,6,5,3,2,2,1,1,5,7,3,5,0,1,9,8,8,13,10,8,13,18,10,20,40,28,21,8,44,46,36,26,35,19,22,30,31,26,9,8,7,8,16,33,21,31,48,22,50,35,48,67,74,74,35,24,66,34,76,58,32,30,52,77,77,72,90,105,74,45,94,92,84,126,143,80,58,130,144,175,164,181,103,85,184,198,196,218,222,88,72,223,214,246,257,240,140,99,262,239,315,220,178,109,74,296,224,264,327,283,157,103,284,265,256,297,238,207,104,272,270,312,237,249,64,63,209,298,235,263,309,134,101,296,291,301,314,289,133,94,290,292,252,231,188,126,109,303,282,281,279,264,139,110,255,291,286,320,280,123,100,321,344,351,334,310,155,86,287,271,322,298,269,149,89,279,293,344,248,259,138,92,324,223,403,401,393,122,136,308,381,375,348,302,147,139,391,439,143,329,303,201,93,255,337,348,316,285,206,176,415,375,336,193,220,106,75,229,286,288,355,373,99,74,369,409,412,302,382,159,84,414,407,507,467,336,97,82,320,408,368,320,119,90,84,84,236,313,348,264,160,73,353,355,318,419,352,203,127,105,261,291,287,377,186,179,407,417,350,374,406,177,126,484,448,458,507,382,217,163,681,915,976,923,854,507,430,735,827,861,798,728,409,407,853,773,853,470,27,390,68,774,885,724,559,39,424,78,658,807,782,833,881,470,72,1001,998,943,844,848,399,67,991,807,828,824,826,435,99,962,1038,1056,996,929,437,49,451,773,830,768,817,390,64,852,783,697,707,746,292,50,764,591,704,824,548,276,64,632,656,663,513,518,282,63,732,687,547,502,532,249,133,752,528,734,770,716,261,115,224,690,713,664,607,211,127,746,685,652,569,538,276,142,658,608,505,205,96,168,149,710,543,654,719,778,288,168,749,504,876,617,587,183,9,0
"28",3650602,"TAMAULIPAS",0,1,2,1,0,1,1,2,1,1,2,1,0,0,3,4,7,3,2,2,2,4,6,2,4,3,1,3,5,1,1,5,0,0,1,2,1,5,1,0,2,8,4,2,0,3,0,0,3,1,2,3,2,0,1,1,2,2,2,2,1,0,2,4,1,1,3,1,3,0,3,1,5,2,0,2,1,7,7,9,8,5,12,11,14,12,24,15,5,11,19,22,32,25,25,10,14,26,34,45,17,39,11,22,67,61,72,64,68,70,34,106,48,83,89,95,46,48,141,128,126,147,85,61,50,85,111,90,118,88,51,31,125,130,147,228,269,99,20,266,344,212,162,249,148,147,230,208,226,163,220,152,186,279,309,278,200,263,97,77,226,277,301,249,346,124,146,389,449,300,239,209,121,59,257,275,272,243,296,125,104,303,328,352,367,291,132,129,433,456,306,321,339,148,119,385,441,350,378,348,126,116,386,341,380,346,284,139,77,293,299,251,288,296,145,113,339,421,330,359,386,122,112,378,384,327,346,358,149,92,361,335,266,292,309,99,96,287,314,313,297,336,127,97,308,275,252,225,294,119,109,336,305,249,252,251,124,92,260,223,121,282,243,87,89,278,247,255,238,282,115,84,280,276,243,205,232,130,93,253,215,247,248,260,90,81,260,278,294,254,236,74,57,262,217,206,195,212,71,84,267,275,258,267,239,74,75,167,275,286,264,277,91,83,326,309,295,259,249,104,100,89,224,215,178,231,99,56,296,276,283,232,270,108,96,243,232,244,223,217,88,64,264,260,232,221,230,97,94,244,262,245,225,216,79,67,222,225,212,122,43,52,63,207,226,190,122,45,78,59,264,260,283,276,309,98,89,297,362,254,315,265,80,76,348,399,288,280,270,112,66,410,377,304,312,341,104,114,100,346,223,255,241,74,59,240,243,268,221,222,41,35,116,175,181,188,149,73,65,258,283,260,237,241,78,72,321,239,259,262,252,79,45,310,244,271,242,245,102,82,81,301,253,246,268,55,52,282,275,262,235,285,69,60,313,241,204,90,114,71,79,293,291,273,231,285,117,68,322,287,223,214,189,39,19,0
"29",1380011,"TLAXCALA",0,0,2,0,1,1,2,4,3,1,4,0,2,0,2,0,1,1,0,1,2,4,5,2,4,1,1,2,1,1,1,0,0,0,0,0,0,1,2,0,0,2,2,2,3,1,0,1,1,2,1,6,4,1,2,1,4,4,3,1,1,2,4,5,2,5,3,2,1,3,7,3,6,2,2,2,3,4,9,14,9,5,7,10,6,9,18,24,8,7,19,13,22,15,13,4,8,17,18,16,27,19,8,6,49,47,18,10,30,15,2,20,22,17,23,23,26,9,37,46,16,38,10,27,11,25,29,41,24,34,34,19,24,37,54,60,70,30,13,48,50,73,109,101,33,14,60,58,60,65,98,31,27,79,67,96,112,70,60,23,84,65,146,114,89,36,39,111,119,77,66,63,62,24,99,121,103,106,113,73,47,118,121,142,138,181,68,64,152,227,171,147,163,82,72,186,143,95,104,105,75,42,223,196,133,212,151,74,40,181,152,155,174,141,71,43,137,131,131,157,137,65,22,143,196,120,122,124,48,44,93,106,81,74,63,26,10,58,58,71,88,67,55,27,102,113,134,102,105,26,22,101,77,89,85,73,41,32,76,73,8,100,93,31,23,117,85,115,75,51,31,15,85,114,108,70,90,69,54,102,150,82,80,78,40,41,101,143,132,144,100,63,50,110,81,109,116,104,84,46,137,135,142,162,140,76,46,39,109,96,96,122,37,59,200,169,185,135,127,97,31,41,165,154,104,110,65,45,101,119,112,106,134,64,45,143,153,146,68,104,55,41,162,141,147,134,169,23,13,100,99,134,80,151,51,36,151,189,98,112,22,47,43,82,131,249,151,23,67,37,139,132,194,182,212,89,60,239,144,172,179,280,153,85,253,532,436,295,293,71,118,256,312,306,186,258,133,31,55,176,151,97,225,90,64,212,156,200,141,105,62,29,174,138,141,163,133,35,48,323,257,289,133,128,59,15,112,90,93,153,166,50,57,174,215,199,157,241,116,53,97,195,256,223,218,126,43,157,219,307,273,244,58,47,122,151,121,251,17,19,22,81,78,86,86,84,22,22,95,74,93,74,50,5,3,0
"30",8539862,"VERACRUZ",0,1,4,1,9,5,9,6,5,7,11,4,8,12,11,10,10,7,4,3,17,10,14,15,8,11,9,11,12,19,10,8,6,4,4,5,5,12,11,3,5,21,14,6,8,9,6,8,4,14,11,7,8,3,0,6,15,11,7,16,6,8,10,16,8,16,10,3,9,5,8,9,7,17,15,10,10,46,26,25,31,15,8,31,52,53,62,44,19,15,57,63,49,58,43,15,11,50,51,55,22,24,26,13,58,63,54,37,53,23,27,77,71,58,71,61,36,21,60,48,61,47,40,24,37,50,43,55,45,63,30,24,75,61,71,55,62,39,34,86,74,82,89,68,63,29,66,81,75,80,52,44,41,93,80,116,119,95,69,57,110,142,114,106,105,54,58,121,140,136,142,101,71,55,141,122,127,124,145,76,78,153,142,159,162,140,64,83,149,135,160,159,139,61,85,203,142,191,145,188,69,61,219,181,189,174,178,78,85,186,156,166,179,174,63,56,175,170,170,164,131,55,56,182,125,129,115,132,58,65,183,171,147,145,145,55,44,168,131,148,131,103,58,52,131,139,128,144,144,70,50,163,156,134,163,149,58,51,211,58,59,221,168,79,70,212,187,190,184,155,73,52,221,173,175,169,167,65,43,228,224,202,160,183,34,38,229,181,207,187,169,64,49,216,165,206,190,154,64,55,189,203,172,140,124,53,43,126,173,144,189,143,117,56,343,241,215,201,170,64,60,57,201,215,215,158,44,42,238,210,155,173,155,34,58,171,173,188,178,204,71,55,197,249,189,198,187,85,58,234,259,221,147,132,65,53,249,226,156,138,32,64,56,285,287,217,135,25,82,39,247,223,225,228,296,100,98,291,300,232,214,220,103,88,326,284,281,254,279,128,83,261,317,558,271,333,102,58,64,360,333,270,253,80,85,296,245,222,187,243,74,57,295,309,316,333,189,73,61,257,219,181,186,188,72,84,339,308,281,270,289,98,67,321,286,241,240,285,90,89,122,327,353,287,350,91,92,308,266,352,386,277,124,92,311,259,305,114,104,103,113,377,317,451,388,361,136,96,451,313,508,416,205,38,16,0
"31",2259098,"YUCATAN",0,1,0,1,0,1,2,1,0,1,1,1,0,0,0,1,0,1,0,0,2,2,2,3,4,1,2,3,1,1,3,0,2,2,0,1,1,5,1,1,1,0,3,0,0,0,0,3,2,0,3,0,1,0,0,0,4,0,2,0,0,2,3,5,4,7,0,1,0,1,2,1,6,4,0,8,6,9,14,15,24,12,12,32,27,16,15,17,18,16,27,23,33,40,31,21,15,27,29,31,17,21,18,17,46,38,29,24,40,23,43,44,34,35,49,44,22,9,96,55,99,61,31,20,44,72,66,65,77,54,24,42,69,57,84,65,64,30,28,77,69,72,65,63,24,39,75,76,101,58,97,45,41,66,42,46,22,17,34,46,81,64,74,105,82,56,54,113,76,80,94,111,41,36,126,91,118,120,85,96,76,302,264,228,217,182,72,52,237,159,200,186,80,56,67,114,111,133,152,153,56,91,142,114,204,152,181,56,84,133,214,141,165,88,87,51,106,84,141,111,135,61,44,101,123,122,96,102,29,36,103,124,114,104,139,73,21,97,85,78,110,130,87,62,212,200,189,215,172,50,51,95,153,165,190,231,52,74,182,154,35,152,173,66,79,190,211,196,242,220,80,77,244,248,210,224,198,17,27,120,71,33,82,90,51,57,208,231,213,174,150,53,106,251,269,183,349,300,107,97,251,93,228,247,212,135,103,111,203,203,208,216,97,107,214,211,224,190,183,181,107,82,179,197,206,218,63,73,198,256,278,241,229,100,97,237,206,180,188,244,96,88,263,280,266,227,192,57,68,213,217,213,219,266,76,84,254,284,246,206,31,79,89,307,339,291,251,45,95,95,278,374,267,324,304,80,76,298,337,297,258,254,84,88,307,304,276,301,244,114,87,290,346,309,288,276,141,85,84,261,246,231,238,99,74,286,265,237,289,228,95,86,249,176,200,298,216,72,79,260,259,248,245,200,73,53,285,321,219,262,248,67,61,267,266,230,264,254,72,58,71,284,252,286,289,88,63,270,277,239,268,232,53,66,244,234,236,174,67,67,50,313,272,273,225,275,71,75,228,224,238,233,223,60,46,0
"32",1666426,"ZACATECAS",0,1,1,1,2,2,1,5,4,4,1,2,5,4,6,6,4,6,2,3,7,6,8,4,8,3,5,7,2,2,6,4,1,1,5,12,3,10,7,1,5,9,5,11,2,5,5,2,8,5,10,4,9,1,7,13,15,9,10,2,2,0,15,8,9,10,3,3,3,12,6,10,9,8,1,3,6,14,17,11,11,10,8,26,33,23,15,10,1,5,10,11,7,29,12,14,6,10,12,22,5,7,5,3,13,13,13,9,7,26,10,22,22,28,23,23,12,37,39,25,19,10,18,11,7,37,23,13,36,35,17,5,34,20,31,26,31,23,10,42,22,30,14,25,6,11,20,43,22,25,32,6,7,22,17,27,30,49,8,10,31,48,25,42,78,39,24,66,92,60,44,51,28,11,47,49,39,49,51,9,7,46,49,49,58,37,27,34,59,54,62,68,59,35,29,55,65,67,81,52,45,14,74,92,52,148,83,30,41,67,118,77,93,64,34,13,58,85,66,65,67,39,20,115,68,78,75,105,59,51,109,143,86,99,43,56,21,52,120,98,101,106,46,14,88,104,126,62,96,30,47,112,75,127,80,59,32,30,107,105,39,92,83,38,23,71,98,79,56,81,34,23,80,113,91,108,114,54,26,84,112,105,79,70,23,35,102,98,106,74,106,30,15,115,154,189,114,92,40,55,116,151,143,122,74,21,22,86,138,139,147,96,35,42,129,166,118,128,162,32,33,61,136,168,151,186,51,44,131,182,169,207,132,47,53,97,171,90,114,107,35,22,139,140,114,170,86,30,54,105,151,94,158,105,56,41,119,154,97,79,16,34,42,121,122,95,86,17,21,17,84,131,118,173,92,43,46,193,204,182,181,104,42,39,138,263,194,186,150,50,52,128,235,207,169,148,59,31,59,178,185,203,132,35,35,158,209,160,141,89,42,24,153,180,97,126,126,38,15,136,121,122,113,115,37,37,118,147,115,109,134,37,16,108,114,128,144,96,41,29,73,150,158,130,79,48,45,159,124,94,118,122,36,41,141,124,115,45,31,35,36,119,144,139,113,104,44,42,134,144,135,146,101,40,13,0
"000",127792286,"Nacional",0,25,72,89,45,81,166,185,168,190,149,45,129,224,240,266,231,185,69,121,292,273,290,264,209,105,159,278,245,210,231,152,66,103,140,254,232,231,173,68,130,329,246,263,192,164,76,103,247,250,185,177,131,53,111,211,266,204,191,214,82,143,275,275,227,216,167,71,105,236,238,278,342,371,168,204,290,618,667,690,626,410,344,918,1150,1247,1159,1344,605,601,1347,1205,1253,1378,1386,857,583,1454,1523,1654,1232,1410,970,758,1935,2032,1899,1775,1974,887,802,2201,1956,1915,2151,2356,1187,942,2524,2609,2935,3328,1720,1462,1517,3413,2994,3423,3417,3750,1958,1351,3932,4114,3823,4154,4283,2041,1253,4500,4153,4434,4291,4599,2173,1721,4875,4794,4931,4737,4934,2565,1752,5229,5100,5404,5277,5619,2617,1807,5644,6007,6048,6002,6274,2593,1966,6711,6360,6061,5864,5851,2737,1617,5660,6353,5978,6406,6582,3089,2098,7234,6903,7232,6596,6989,2826,2178,7551,7470,7291,6944,6955,3042,2106,7639,7388,8101,7977,8229,3631,2041,8259,7908,8094,7732,7652,3267,2165,7603,7969,7635,7702,7574,3546,1992,7365,7996,7828,7612,7781,3261,1944,8015,8149,7987,7959,7974,3364,1996,7820,8340,8068,7180,8061,3506,1948,7842,8262,9528,9439,9429,4408,2142,8364,9271,9449,9459,9469,3844,2060,8758,9433,9394,9385,8932,3617,2025,8821,6982,2357,8897,9085,3507,2000,8471,9233,8909,8524,8729,3610,2000,8959,9366,9006,8442,8429,3333,1952,7702,8859,8708,8263,7962,3184,2093,8554,9681,9170,8294,9177,3626,2291,10485,11027,11210,11248,10811,4018,2493,11763,12315,12063,11534,9723,3616,1992,5035,10786,10604,10633,9621,3530,2049,11083,10702,10456,10161,10154,4065,2197,2659,11390,10372,9389,10484,5154,2241,12237,13912,13467,13640,13431,6076,2784,15384,16985,17698,18629,18625,9075,2743,18924,18666,19363,20882,19877,8811,3046,20311,19423,19670,19789,20916,10623,3036,22601,21823,21676,15995,1915,6451,3275,23671,24183,23773,18472,2362,7786,4127,23991,24886,24628,25748,24935,12450,4309,27303,26457,26444,27221,26479,13676,4341,28754,29438,28501,28059,28921,14393,4620,29115,30076,31189,29423,27598,13883,3565,6301,26490,25101,24906,24709,11321,3278,24867,23851,22670,21801,22808,9656,2823,21241,19877,19162,19569,19883,8124,3408,22561,21339,20631,20126,20666,8245,3288,21769,20223,19677,18295,19376,7597,3121,19351,18086,17875,17366,17858,7476,3282,4391,19145,17773,16740,17326,7087,3459,18403,17335,16937,17053,16047,7058,3738,17424,16654,15064,6489,4745,3480,3228,17010,16148,15981,16323,15948,7633,3683,18164,15903,15205,13140,9660,3239,1122,23
